{
    "keyframes": [
      {
        "matrix": "[-0.24351966819607362,-0.9698959589572862,-1.1102230246251565e-16,0,0.20874827489732595,-0.052412127476178405,0.9765639388287952,0,-0.9471654179334591,0.2378125263558391,0.21522749215467063,0,-4.004685790209812,2.2769838983687887,0.905597636119067,1]",
        "fov": 50,
        "aspect": 1,
        "properties": "[[\"FOV\",50],[\"NAME\",\"Camera 0\"],[\"TIME\",0]]"
      },
      {
        "matrix": "[-0.9985941073301172,-0.0530076296920237,3.469446951953614e-18,0,0.025774150129395716,-0.4855511289637846,0.8738282407585038,0,-0.046319563800559294,0.8725997320400847,0.48623472279640656,0,-0.573287384276286,4.509552619138907,1.659990638403061,1]",
        "fov": 50,
        "aspect": 1,
        "properties": "[[\"FOV\",50],[\"NAME\",\"Camera 1\"],[\"TIME\",0.12500000000000003]]"
      },
      {
        "matrix": "[-0.06359603485275978,0.9979757233274796,-5.551115123125783e-17,0,-0.31874296788299306,-0.02031190581166764,0.9476235259360328,0,0.945705273738149,0.06026509878272318,0.3193895005985026,0,4.227568841998792,0.578298446543337,0.8525512543243292,1]",
        "fov": 50,
        "aspect": 1,
        "properties": "[[\"FOV\",50],[\"NAME\",\"Camera 2\"],[\"TIME\",0.25000000000000006]]"
      },
      {
        "matrix": "[0.8186224687433274,0.5743320064810771,2.7755575615628914e-17,0,-0.378061336093021,0.5388686348600122,0.7527882972759782,0,0.432350413229986,-0.6162494143571472,0.6582626979286714,0,2.0514501614938774,-2.385019605791793,2.229248146256121,1]",
        "fov": 50,
        "aspect": 1,
        "properties": "[[\"FOV\",50],[\"NAME\",\"Camera 3\"],[\"TIME\",0.37500000000000006]]"
      },
      {
        "matrix": "[0.9958297454040842,0.09123112499819798,6.938893903907228e-18,0,0.01036709640587849,-0.11316163178574756,0.9935225052326183,0,0.09064017586339981,-0.9893792634390263,-0.1136355208387847,0,0.6736128334097036,-3.837868747064508,-0.7565040821381717,1]",
        "fov": 50,
        "aspect": 1,
        "properties": "[[\"FOV\",50],[\"NAME\",\"Camera 4\"],[\"TIME\",0.5000000000000001]]"
      },
      {
        "matrix": "[0.5893642597571032,-0.8078674206334613,0,0,-0.15143577378062978,-0.11047707883179902,0.9822739034873391,0,-0.7935470847658782,-0.5789171320075359,-0.18745126974162019,0,-2.8111945389057906,-2.2363406225888713,-1.049954217155181,1]",
        "fov": 50,
        "aspect": 1,
        "properties": "[[\"FOV\",50],[\"NAME\",\"Camera 5\"],[\"TIME\",0.625]]"
      },
      {
        "matrix": "[-0.8124999673095195,-0.5829612363802845,0,0,0.031516521177330226,-0.04392602943085944,0.9985375370166703,0,-0.5821086771513622,0.8113117161833727,0.0540628076285522,0,-2.5948112494016944,3.7016962774784083,-0.5792289485876306,1]",
        "fov": 50,
        "aspect": 1,
        "properties": "[[\"FOV\",50],[\"NAME\",\"Camera 6\"],[\"TIME\",0.75]]"
      },
      {
        "matrix": "[-0.7597251119494106,0.650244380424357,0,0,-0.0892972381116745,-0.10433208846324993,0.9905255264668972,0,0.6440836572519774,0.7525271164838122,0.13732873485719033,0,2.9936007627800705,3.433783525232916,-0.199741738568169,1]",
        "fov": 50,
        "aspect": 1,
        "properties": "[[\"FOV\",50],[\"NAME\",\"Camera 7\"],[\"TIME\",0.875]]"
      },
      {
        "matrix": "[-0.3268479341263242,0.9450769428767978,-1.6653345369377348e-16,0,-0.1671119901598615,-0.057794457015559075,0.9842425430162461,0,0.930184933603079,0.3216976418640999,0.17682368765782763,0,4.298185301002954,1.4692572624775626,-0.019649900395719122,1]",
        "fov": 50,
        "aspect": 1,
        "properties": "[[\"FOV\",50],[\"NAME\",\"Camera 8\"],[\"TIME\",1]]"
      }
    ],
    "camera_type": "perspective",
    "render_height": 1080,
    "render_width": 1920,
    "camera_path": [
      {
        "camera_to_world": [
          -0.24351966819607382,
          0.20874827489732603,
          -0.9471654179334593,
          -4.004685790209812,
          -0.9698959589572864,
          -0.05241212747617854,
          0.23781252635583916,
          2.2769838983687887,
          -8.326672684688674e-17,
          0.9765639388287954,
          0.21522749215467057,
          0.905597636119067,
          0,
          0,
          0,
          1
        ],
        "fov": 50,
        "aspect": 1
      },
      {
        "camera_to_world": [
          -0.32639766541192367,
          0.23015528035497654,
          -0.9167841135940173,
          -3.7230947297685217,
          -0.9449332783844357,
          -0.10385405223170721,
          0.31034728166474507,
          2.4826499410218026,
          -0.023783679599438202,
          0.967596446231473,
          0.2513791037953141,
          0.9734348296687719,
          0,
          0,
          0,
          1
        ],
        "fov": 50,
        "aspect": 1
      },
      {
        "camera_to_world": [
          -0.4241960292527105,
          0.24356842869496712,
          -0.8721996040524774,
          -3.4486362621415103,
          -0.9043128530001254,
          -0.1646769874328225,
          0.39382706066092493,
          2.720419227911096,
          -0.047707364892723605,
          0.955801187670906,
          0.2901173848322051,
          1.0494065668974495,
          0,
          0,
          0,
          1
        ],
        "fov": 50,
        "aspect": 1
      },
      {
        "camera_to_world": [
          -0.530211457499903,
          0.24461733900235055,
          -0.811811657834031,
          -3.1789328563906856,
          -0.8450674785584904,
          -0.23018802516233577,
          0.4825706474234205,
          2.9795906776245764,
          -0.06882417466721878,
          0.9419001170672361,
          0.3287664862027503,
          1.1308013332454416,
          0,
          0,
          0,
          1
        ],
        "fov": 50,
        "aspect": 1
      },
      {
        "camera_to_world": [
          -0.6354397859144232,
          0.23172163634232157,
          -0.7365604942758395,
          -2.9116069815779535,
          -0.7675344016469019,
          -0.2937037517791723,
          0.5697622736539958,
          3.2494632087501496,
          -0.08430433420391009,
          0.9273851354435628,
          0.36448537665146485,
          1.2149076141530921,
          0,
          0,
          0,
          1
        ],
        "fov": 50,
        "aspect": 1
      },
      {
        "camera_to_world": [
          -0.7310927373528474,
          0.20717902855143658,
          -0.6500617351593643,
          -2.6442811067652214,
          -0.6760106295578332,
          -0.3488095538629859,
          0.6491082528043582,
          3.519335739875723,
          -0.09226612658360912,
          0.9140069722176016,
          0.3950673570707527,
          1.299013895060742,
          0,
          0,
          0,
          1
        ],
        "fov": 50,
        "aspect": 1
      },
      {
        "camera_to_world": [
          -0.8112996596044386,
          0.1760701158775408,
          -0.5574873779921761,
          -2.3745777010143967,
          -0.5772993784661941,
          -0.39180968973937463,
          0.7163871820802498,
          3.778507189589203,
          -0.0922945824426775,
          0.9030417937843211,
          0.41952023637785035,
          1.3804086614087343,
          0,
          0,
          0,
          1
        ],
        "fov": 50,
        "aspect": 1
      },
      {
        "camera_to_world": [
          -0.8741622102914653,
          0.14377420968710092,
          -0.4638635647765296,
          -2.1001192333873857,
          -0.4780856053140705,
          -0.4225323586789123,
          0.7700003635458322,
          4.016276476478496,
          -0.08529117240265309,
          0.8948717128717862,
          0.4380982006492338,
          1.4563803986374118,
          0,
          0,
          0,
          1
        ],
        "fov": 50,
        "aspect": 1
      },
      {
        "camera_to_world": [
          -0.9208869859812672,
          0.11399774127720476,
          -0.3727890476315434,
          -1.8185281729460958,
          -0.38295840662554,
          -0.44330429074320354,
          0.8104468919080959,
          4.22194251913151,
          -0.07286986925448183,
          0.8890926952755607,
          0.45188954553350086,
          1.5242175921871168,
          0,
          0,
          0,
          1
        ],
        "fov": 50,
        "aspect": 1
      },
      {
        "camera_to_world": [
          -0.9541575520664962,
          0.08821720053584758,
          -0.28600890084766517,
          -1.5274269887524337,
          -0.2938729471646993,
          -0.4573501904643144,
          0.8393268101323758,
          4.3848042361361514,
          -0.0567631637526078,
          0.8849002931471281,
          0.46230878688266486,
          1.5812087274981916,
          0,
          0,
          0,
          1
        ],
        "fov": 50,
        "aspect": 1
      },
      {
        "camera_to_world": [
          -0.9768183212848024,
          0.06608995713207698,
          -0.20361258499567506,
          -1.2244381498683072,
          -0.21058179188257278,
          -0.46766548402148544,
          0.8584546021674497,
          4.494160546080328,
          -0.038487350257787274,
          0.881431286386653,
          0.47074155462302714,
          1.624642290010979,
          0,
          0,
          0,
          1
        ],
        "fov": 50,
        "aspect": 1
      },
      {
        "camera_to_world": [
          -0.9911586464911628,
          0.04606725609020144,
          -0.12442807320748066,
          -0.9071841253556234,
          -0.13127811086052124,
          -0.4765532148391634,
          0.8692888421205871,
          4.539310367551943,
          -0.019250846596943906,
          0.8779378345548038,
          0.4783874617530471,
          1.651806765165821,
          0,
          0,
          0,
          1
        ],
        "fov": 50,
        "aspect": 1
      },
      {
        "camera_to_world": [
          -0.998594107330117,
          0.025774150129395806,
          -0.04631956380055947,
          -0.5732873842762878,
          -0.05300762969202388,
          -0.4855511289637845,
          0.8725997320400848,
          4.5095526191389075,
          3.4694469519536134e-18,
          0.8738282407585038,
          0.48623472279640656,
          1.6599906384030612,
          0,
          0,
          0,
          1
        ],
        "fov": 50,
        "aspect": 1
      },
      {
        "camera_to_world": [
          -0.9992559039067138,
          0.0011903264325004213,
          0.03855154511249197,
          -0.19895609929929825,
          0.03292726053564125,
          -0.4941848921377181,
          0.8687330360337691,
          4.394672431368901,
          0.020085667058736552,
          0.8693560119455183,
          0.493777976901552,
          1.6404344107118283,
          0,
          0,
          0,
          1
        ],
        "fov": 50,
        "aspect": 1
      },
      {
        "camera_to_world": [
          -0.9900766042405108,
          -0.03141395080471449,
          0.1369725572164662,
          0.22835631321715488,
          0.1342360071906044,
          -0.4998171067581722,
          0.8556655621008793,
          4.199843339754553,
          0.041581391380076944,
          0.8655611032658115,
          0.4990741071265549,
          1.5905218713321048,
          0,
          0,
          0,
          1
        ],
        "fov": 50,
        "aspect": 1
      },
      {
        "camera_to_world": [
          -0.9656991211425701,
          -0.07391619438211787,
          0.24892087825759623,
          0.694159518677373,
          0.2519349512957727,
          -0.49885866468892437,
          0.8292579893979799,
          3.937446870361186,
          0.06288074220351345,
          0.8635255809024122,
          0.500369446896078,
          1.5167564380805105,
          0,
          0,
          0,
          1
        ],
        "fov": 50,
        "aspect": 1
      },
      {
        "camera_to_world": [
          -0.9197313615415817,
          -0.12610398052220262,
          0.3717418576019177,
          1.18396318248566,
          0.3839521092659647,
          -0.48608579150154213,
          0.7850486488686774,
          3.619864549254123,
          0.08170067556076457,
          0.8647649330290719,
          0.49548623615206455,
          1.4256415287736666,
          0,
          0,
          0,
          1
        ],
        "fov": 50,
        "aspect": 1
      },
      {
        "camera_to_world": [
          -0.8467535218370954,
          -0.18396310456808976,
          0.4991653527781607,
          1.6832769700463208,
          0.5233937223697813,
          -0.45603570599399723,
          0.7197850000121291,
          3.259477902498687,
          0.09522334083815745,
          0.8707404957943706,
          0.4824349742124772,
          1.323680561228192,
          0,
          0,
          0,
          1
        ],
        "fov": 50,
        "aspect": 1
      },
      {
        "camera_to_world": [
          -0.745792457446602,
          -0.23937213932531448,
          0.6216868901067326,
          2.177610546763653,
          0.6585072021700592,
          -0.40610730658326255,
          0.6335969698711074,
          2.8686684561602016,
          0.10080612633128613,
          0.881917135820883,
          0.46050004390832644,
          1.2173769532607084,
          0,
          0,
          0,
          1
        ],
        "fov": 50,
        "aspect": 1
      },
      {
        "camera_to_world": [
          -0.6230631551572114,
          -0.28307323076197344,
          0.7291514593769385,
          2.652473578041966,
          0.7761180536394889,
          -0.33950081892887685,
          0.5313943552216878,
          2.459817736303989,
          0.0971240006403774,
          0.8969998550571793,
          0.4312286963167078,
          1.113234122687834,
          0,
          0,
          0,
          1
        ],
        "fov": 50,
        "aspect": 1
      },
      {
        "camera_to_world": [
          -0.49070671530997034,
          -0.3096784868908967,
          0.8144360959011238,
          3.093375729285559,
          0.867178980098396,
          -0.2646459120035279,
          0.4218567976640021,
          2.0453072689953724,
          0.08489720858311825,
          0.913269826511741,
          0.39841020061992494,
          1.0177554873261907,
          0,
          0,
          0,
          1
        ],
        "fov": 50,
        "aspect": 1
      },
      {
        "camera_to_world": [
          -0.36170682373146845,
          -0.32026685790559906,
          0.8755554313653517,
          3.485826665898734,
          0.9299189200286317,
          -0.1909034509735402,
          0.3143352900632963,
          1.6375185802996777,
          0.06647537768885531,
          0.9278927805159751,
          0.3668732915155532,
          0.9374444649923989,
          0,
          0,
          0,
          1
        ],
        "fov": 50,
        "aspect": 1
      },
      {
        "camera_to_world": [
          -0.2452831142606365,
          -0.3206407732607827,
          0.9148910800643598,
          3.815336053285796,
          0.9684206364986576,
          -0.12454872458456663,
          0.2159839947956626,
          1.248833196282225,
          0.04469524205257852,
          0.9389766289568049,
          0.3410648407719216,
          0.8788044735030776,
          0,
          0,
          0,
          1
        ],
        "fov": 50,
        "aspect": 1
      },
      {
        "camera_to_world": [
          -0.14569873775319578,
          -0.3179714221327449,
          0.9368383278474495,
          4.067413556851047,
          0.9890849731768867,
          -0.06784737742968106,
          0.13079621252770315,
          0.8916326430083368,
          0.02197256591304667,
          0.9456695554382588,
          0.3243860327825516,
          0.8483389306748474,
          0,
          0,
          0,
          1
        ],
        "fov": 50,
        "aspect": 1
      },
      {
        "camera_to_world": [
          -0.06359603485275996,
          -0.3187429678829932,
          0.9457052737381493,
          4.2275688419987905,
          0.99797572332748,
          -0.020311905811668203,
          0.06026509878272314,
          0.578298446543339,
          2.463307335887066e-16,
          0.9476235259360329,
          0.31938950059850263,
          0.8525512543243285,
          0,
          0,
          0,
          1
        ],
        "fov": 50,
        "aspect": 1
      },
      {
        "camera_to_world": [
          0.010576645836905568,
          -0.3294616795038152,
          0.9441097056493839,
          4.287959666321227,
          0.9996364459312272,
          0.026901605160864147,
          -0.0018109681813458006,
          0.292658681599554,
          -0.02480142191136524,
          0.9437856246936028,
          0.32962643111995765,
          0.9046910563505643,
          0,
          0,
          0,
          1
        ],
        "fov": 50,
        "aspect": 1
      },
      {
        "camera_to_world": [
          0.08784137110459264,
          -0.34941202408419686,
          0.9328425006118931,
          4.259403149663242,
          0.9946536339993436,
          0.08180948540619476,
          -0.06301869936354981,
          0.010915003649930536,
          -0.05429587364031546,
          0.9333908321399768,
          0.3547301968858539,
          1.0060952703439032,
          0,
          0,
          0,
          1
        ],
        "fov": 50,
        "aspect": 1
      },
      {
        "camera_to_world": [
          0.17033070742346995,
          -0.37373680018415695,
          0.9117610730321447,
          4.155398000808171,
          0.9817594283070447,
          0.143686598266071,
          -0.1245093828149101,
          -0.26599069009928156,
          -0.08447410868926285,
          0.916337801068379,
          0.3913938672160338,
          1.145398296657929,
          0,
          0,
          0,
          1
        ],
        "fov": 50,
        "aspect": 1
      },
      {
        "camera_to_world": [
          0.2585290765106567,
          -0.3979135564241104,
          0.8802428745593248,
          3.98944292853935,
          0.9595945088719652,
          0.21057659403659676,
          -0.18664371563682042,
          -0.5371165024418274,
          -0.11109048177642836,
          0.892929056340907,
          0.43627583614133203,
          1.3112345356462234,
          0,
          0,
          0,
          1
        ],
        "fov": 50,
        "aspect": 1
      },
      {
        "camera_to_world": [
          0.3509718734095626,
          -0.417972750887282,
          0.8379245333507667,
          3.7750366416401113,
          0.927306114021806,
          0.27945817451712573,
          -0.24901104311522615,
          -0.801520536171452,
          -0.13008502978113703,
          0.8644084151668548,
          0.485670646442182,
          1.4922383876623682,
          0,
          0,
          0,
          1
        ],
        "fov": 50,
        "aspect": 1
      },
      {
        "camera_to_world": [
          0.44432582753018113,
          -0.431022048258679,
          0.7853626887652053,
          3.52567784889379,
          0.8851252699277331,
          0.34655019598041453,
          -0.310574014047045,
          -1.058260894081905,
          -0.13830334603681016,
          0.8331404176852958,
          0.5354897094195118,
          1.6770442530599468,
          0,
          0,
          0,
          1
        ],
        "fov": 50,
        "aspect": 1
      },
      {
        "camera_to_world": [
          0.53406436663715,
          -0.43577876986949227,
          0.7244805836042069,
          3.2548652590837204,
          0.8347155178099543,
          0.4078681319524774,
          -0.36999133944574497,
          -1.3063956789669313,
          -0.134258171504456,
          0.8023343758487659,
          0.5815791371048755,
          1.8542865321925408,
          0,
          0,
          0,
          1
        ],
        "fov": 50,
        "aspect": 1
      },
      {
        "camera_to_world": [
          0.615637456650557,
          -0.43270241688723954,
          0.6586039328676798,
          2.9760975809932404,
          0.7790626809211674,
          0.4599169643836307,
          -0.42607244110370424,
          -1.5449829936202764,
          -0.11854054650100496,
          0.7753998995950979,
          0.6202444151648248,
          2.012599625413732,
          0,
          0,
          0,
          1
        ],
        "fov": 50,
        "aspect": 1
      },
      {
        "camera_to_world": [
          0.6856560654732371,
          -0.4235218072932403,
          0.5920346599877641,
          2.702873523405681,
          0.7218814608518833,
          0.5002078263427073,
          -0.4782042314156732,
          -1.7730809408356893,
          -0.09361045004758246,
          0.7552624770320391,
          0.648703071080535,
          2.1406179330771034,
          0,
          0,
          0,
          1
        ],
        "fov": 50,
        "aspect": 1
      },
      {
        "camera_to_world": [
          0.7425418840642845,
          -0.4103662805581518,
          0.5293685542144819,
          2.448691795104377,
          0.6668247722794791,
          0.5273184810783971,
          -0.5265737769653868,
          -1.9897476234069147,
          -0.06305769964630416,
          0.7439991500627136,
          0.6651984600262362,
          2.226975855536238,
          0,
          0,
          0,
          1
        ],
        "fov": 50,
        "aspect": 1
      },
      {
        "camera_to_world": [
          0.7864410021963029,
          -0.3949442037954419,
          0.4748995956545547,
          2.227051104872666,
          0.616901112310272,
          0.5404763530269437,
          -0.5721174087973934,
          -2.194041144127699,
          -0.03071754701834612,
          0.7429026771435671,
          0.6686942833598152,
          2.2603077931447153,
          0,
          0,
          0,
          1
        ],
        "fov": 50,
        "aspect": 1
      },
      {
        "camera_to_world": [
          0.8186224687433272,
          -0.3780613360930211,
          0.4323504132299866,
          2.051450161493879,
          0.5743320064810775,
          0.5388686348600122,
          -0.6162494143571469,
          -2.385019605791791,
          -3.0531133177191805e-16,
          0.7527882972759784,
          0.6582626979286715,
          2.229248146256122,
          0,
          0,
          0,
          1
        ],
        "fov": 50,
        "aspect": 1
      },
      {
        "camera_to_world": [
          0.8431176817954885,
          -0.35838742996571266,
          0.40088779563161187,
          1.915387509976341,
          0.5369912070837602,
          0.5221102513623831,
          -0.6626019385249603,
          -2.5686959486298497,
          0.02816057809292711,
          0.7739246316437283,
          0.6326512833912467,
          2.124602422516176,
          0,
          0,
          0,
          1
        ],
        "fov": 50,
        "aspect": 1
      },
      {
        "camera_to_world": [
          0.8642747494109404,
          -0.33436071653412003,
          0.37580855334790647,
          1.7999999966526226,
          0.500163728175775,
          0.4917229718642468,
          -0.712772589230466,
          -2.7499241133772956,
          0.05352945495674276,
          0.8039971580669815,
          0.5922188508248037,
          1.9529184173137073,
          0,
          0,
          0,
          1
        ],
        "fov": 50,
        "aspect": 1
      },
      {
        "camera_to_world": [
          0.8836170239511785,
          -0.3055673499371396,
          0.35475280074448506,
          1.7002437822924228,
          0.46225855126356574,
          0.4489170510324411,
          -0.764715968890441,
          -2.926023703585024,
          0.07441765091275071,
          0.8397035643277516,
          0.537921869129614,
          1.7264439626169472,
          0,
          0,
          0,
          1
        ],
        "fov": 50,
        "aspect": 1
      },
      {
        "camera_to_world": [
          0.9019650665384142,
          -0.27177035937488364,
          0.33555907156505355,
          1.6110750276654433,
          0.42250004826734017,
          0.3949490686602782,
          -0.8157873144260545,
          -3.094314322803926,
          0.0891780688199145,
          0.8775853832702695,
          0.47105325294697314,
          1.4574268903941312,
          0,
          0,
          0,
          1
        ],
        "fov": 50,
        "aspect": 1
      },
      {
        "camera_to_world": [
          0.9195305541362598,
          -0.233244916922495,
          0.31632320297392275,
          1.5274498935413863,
          0.381010356754206,
          0.33160670785170243,
          -0.8630574137065206,
          -3.2521155745848946,
          0.09640885880403244,
          0.9141300782916917,
          0.3937912288339215,
          1.1581150326134975,
          0,
          0,
          0,
          1
        ],
        "fov": 50,
        "aspect": 1
      },
      {
        "camera_to_world": [
          0.936047601594188,
          -0.1910488191729591,
          0.295491516362799,
          1.4443245406899523,
          0.33868801051103553,
          0.26145089402852656,
          -0.9038439364999695,
          -3.396747062478822,
          0.09542179565405942,
          0.9461203827760515,
          0.3094364267662306,
          0.8407562212432782,
          0,
          0,
          0,
          1
        ],
        "fov": 50,
        "aspect": 1
      },
      {
        "camera_to_world": [
          0.9510080386829818,
          -0.14709860856204127,
          0.271929604345426,
          1.3566551298808422,
          0.2967690257299944,
          0.18776421063391321,
          -0.9363080404291598,
          -3.525528390036602,
          0.08667096242466964,
          0.9711367568803762,
          0.2222195844390108,
          0.5175982882517054,
          0,
          0,
          0,
          1
        ],
        "fov": 50,
        "aspect": 1
      },
      {
        "camera_to_world": [
          0.963961232943052,
          -0.10394739860230807,
          0.24489524231132762,
          1.259397821883759,
          0.2561704060566397,
          0.11422549749957377,
          -0.9598589785909966,
          -3.6357791608091246,
          0.07180156296131254,
          0.9880017581182676,
          0.13673719871170728,
          0.2008890656070228,
          0,
          0,
          0,
          1
        ],
        "fov": 50,
        "aspect": 1
      },
      {
        "camera_to_world": [
          0.9747372331659095,
          -0.06433481249629502,
          0.21388865837424387,
          1.1475087774684019,
          0.216918834502654,
          0.04444736424423896,
          -0.975177240838685,
          -3.724818978347284,
          0.0532310578335395,
          0.9969380440693427,
          0.05727993338958997,
          -0.09712361472254294,
          0,
          0,
          0,
          1
        ],
        "fov": 50,
        "aspect": 1
      },
      {
        "camera_to_world": [
          0.9834741273764036,
          -0.030754168526575868,
          0.17841754930348275,
          1.0159441574044727,
          0.1779145453153521,
          -0.01840414984287949,
          -0.9838738241430108,
          -3.7899674462019735,
          0.03354184470856147,
          0.9993575278081412,
          -0.012628391296873017,
          -0.36419192076875406,
          0,
          0,
          0,
          1
        ],
        "fov": 50,
        "aspect": 1
      },
      {
        "camera_to_world": [
          0.9904541681163614,
          -0.005268884778409045,
          0.13774171377661312,
          0.8596601224616742,
          0.13701470139349564,
          -0.0717140628732287,
          -0.9879696679495104,
          -3.828544167924084,
          0.01508351626703132,
          0.9974113153756612,
          -0.07030757781075772,
          -0.5880680205633744,
          0,
          0,
          0,
          1
        ],
        "fov": 50,
        "aspect": 1
      },
      {
        "camera_to_world": [
          0.9958297454040842,
          0.010367096405878252,
          0.09064017586340045,
          0.6736128334097053,
          0.09123112499819859,
          -0.11316163178574726,
          -0.9893792634390263,
          -3.8378687470645083,
          2.96637714392034e-16,
          0.9935225052326183,
          -0.11363552083878448,
          -0.756504082138171,
          0,
          0,
          0,
          1
        ],
        "fov": 50,
        "aspect": 1
      },
      {
        "camera_to_world": [
          0.9993533921435531,
          0.015242680527569255,
          0.032564678741059054,
          0.44520014673294556,
          0.03443610049368596,
          -0.1452524710828163,
          -0.9887951631289082,
          -3.8251491712074697,
          -0.010341788721622792,
          0.989277200957684,
          -0.14568344817228635,
          -0.8776522654781528,
          0,
          0,
          0,
          1
        ],
        "fov": 50,
        "aspect": 1
      },
      {
        "camera_to_world": [
          0.999215335361228,
          0.010174423683416041,
          -0.03827786150843939,
          0.17190488662722758,
          -0.03596594271466925,
          -0.17167620371005923,
          -0.9844966897071558,
          -3.797896410396502,
          -0.016588084385909453,
          0.9851008893420067,
          -0.17117556272433682,
          -0.9700615799936793,
          0,
          0,
          0,
          1
        ],
        "fov": 50,
        "aspect": 1
      },
      {
        "camera_to_world": [
          0.9928731539334286,
          -0.003697562560766671,
          -0.11911854695804447,
          -0.13618933457054855,
          -0.11762026928679549,
          -0.19137322265063744,
          -0.9744443349443884,
          -3.7538845418714595,
          -0.019193031318380707,
          0.981510375739054,
          -0.19044424345564473,
          -1.0370794678545265,
          0,
          0,
          0,
          1
        ],
        "fov": 50,
        "aspect": 1
      },
      {
        "camera_to_world": [
          0.9781040348597645,
          -0.024592928310075545,
          -0.20665837720301666,
          -0.46899890452349136,
          -0.2072977717109702,
          -0.20312284484083268,
          -0.9569580679149079,
          -3.6908876428721986,
          -0.01844263632768689,
          0.9788443685187664,
          -0.2037733333495386,
          -1.0820533712304754,
          0,
          0,
          0,
          1
        ],
        "fov": 50,
        "aspect": 1
      },
      {
        "camera_to_world": [
          0.9535050694252828,
          -0.049958348977397184,
          -0.29720741233646797,
          -0.8164402108947113,
          -0.30101618272904607,
          -0.20611068595830245,
          -0.9310787522379789,
          -3.606679790638573,
          -0.014742466398816982,
          0.9772525510333808,
          -0.21156585542858544,
          -1.1083307322913039,
          0,
          0,
          0,
          1
        ],
        "fov": 50,
        "aspect": 1
      },
      {
        "camera_to_world": [
          0.9188562304863949,
          -0.07670921420234607,
          -0.38706449611504284,
          -1.1684296413473103,
          -0.39449430704716354,
          -0.20046239921101086,
          -0.8967658937593154,
          -3.4990350624104396,
          -0.00880167050688084,
          0.9766936689459106,
          -0.2144574727941752,
          -1.1192589932067913,
          0,
          0,
          0,
          1
        ],
        "fov": 50,
        "aspect": 1
      },
      {
        "camera_to_world": [
          0.8751674817722457,
          -0.10177271468865279,
          -0.4729949189931411,
          -1.5148835835443908,
          -0.48381713505904655,
          -0.18750886855740978,
          -0.8548458364147166,
          -3.365727535427654,
          -0.0016907606815898812,
          0.976976324563304,
          -0.21334104755319702,
          -1.1181855961467169,
          0,
          0,
          0,
          1
        ],
        "fov": 50,
        "aspect": 1
      },
      {
        "camera_to_world": [
          0.8243563745656907,
          -0.12268636073183459,
          -0.5526161638997623,
          -1.8457184251490664,
          -0.5660471210107633,
          -0.16965940283524691,
          -0.8067256930487673,
          -3.2045312869300697,
          0.005217711024681715,
          0.9778362561901484,
          -0.20930607151178718,
          -1.1084579832808594,
          0,
          0,
          0,
          1
        ],
        "fov": 50,
        "aspect": 1
      },
      {
        "camera_to_world": [
          0.7686875290789638,
          -0.13799315836947482,
          -0.6245617430500322,
          -2.1508505538244354,
          -0.6395402969217145,
          -0.14997330915663667,
          -0.7539868799613779,
          -3.0132203941575453,
          0.01037743955716626,
          0.9790127143116297,
          -0.2035347979201897,
          -1.093423596778998,
          0,
          0,
          0,
          1
        ],
        "fov": 50,
        "aspect": 1
      },
      {
        "camera_to_world": [
          0.7101969502788807,
          -0.1473349833536528,
          -0.6884131713547874,
          -2.420196357233608,
          -0.7038972269778191,
          -0.13165490648741415,
          -0.6979940396957032,
          -2.7895689343499344,
          0.012205968520096543,
          0.9802853606363655,
          -0.1972095992960721,
          -1.0764298788109117,
          0,
          0,
          0,
          1
        ],
        "fov": 50,
        "aspect": 1
      },
      {
        "camera_to_world": [
          0.6502645568080189,
          -0.15133356427655129,
          -0.7444824769479976,
          -2.6436722230396925,
          -0.759652187118037,
          -0.11766133993450285,
          -0.6395970322723523,
          -2.53135098474709,
          0.009195692799020438,
          0.9814550226109051,
          -0.19147187215299735,
          -1.0608242715463798,
          0,
          0,
          0,
          1
        ],
        "fov": 50,
        "aspect": 1
      },
      {
        "camera_to_world": [
          0.5893642597571032,
          -0.15143577378062978,
          -0.7935470847658782,
          -2.8111945389057906,
          -0.8078674206334612,
          -0.11047707883179894,
          -0.5789171320075359,
          -2.2363406225888713,
          4.163336342344336e-17,
          0.9822739034873391,
          -0.18745126974162007,
          -1.049954217155181,
          0,
          0,
          0,
          1
        ],
        "fov": 50,
        "aspect": 1
      },
      {
        "camera_to_world": [
          0.5185810381661878,
          -0.1489114373371603,
          -0.8419614543936437,
          -2.9398455801825394,
          -0.8548942693686625,
          -0.10774857814014159,
          -0.5074899330128615,
          -1.8735794792010751,
          -0.01514909420063636,
          0.9829626787111293,
          -0.18317990393583422,
          -1.0371916962762018,
          0,
          0,
          0,
          1
        ],
        "fov": 50,
        "aspect": 1
      },
      {
        "camera_to_world": [
          0.42648161653422784,
          -0.1444117922803959,
          -0.892893423096349,
          -3.0514961900969557,
          -0.9038642670666579,
          -0.1049400405626354,
          -0.4147492912673463,
          -1.4257950538929973,
          -0.03380558353889981,
          0.9839374076317438,
          -0.17528365692362266,
          -1.0146671233126112,
          0,
          0,
          0,
          1
        ],
        "fov": 50,
        "aspect": 1
      },
      {
        "camera_to_world": [
          0.30963552091160623,
          -0.1385867185177931,
          -0.9407016347600701,
          -3.1432456081267146,
          -0.9493604304764197,
          -0.10051183478301454,
          -0.2976779200985169,
          -0.9112902258797584,
          -0.05329744117146058,
          0.9852365667792797,
          -0.16269078107118648,
          -0.9838655910806119,
          0,
          0,
          0,
          1
        ],
        "fov": 50,
        "aspect": 1
      },
      {
        "camera_to_world": [
          0.16740829367012608,
          -0.13108466198821692,
          -0.9771342152447082,
          -3.2121930737494937,
          -0.9833805579746618,
          -0.09283997704682517,
          -0.1560237701742513,
          -0.348367874376466,
          -0.07026479493956728,
          0.9870144629403258,
          -0.1444482901896754,
          -0.9462721923964064,
          0,
          0,
          0,
          1
        ],
        "fov": 50,
        "aspect": 1
      },
      {
        "camera_to_world": [
          0.004745085487182949,
          -0.1203543519626043,
          -0.9927196553546126,
          -3.255437826442971,
          -0.9966925635670676,
          -0.08110634270201976,
          0.005069014066811937,
          0.24466912140177421,
          -0.08112593847732263,
          0.9894122452937217,
          -0.12034114412373505,
          -0.9033720200761963,
          0,
          0,
          0,
          1
        ],
        "fov": 50,
        "aspect": 1
      },
      {
        "camera_to_world": [
          -0.16665506405501032,
          -0.10439778163816213,
          -0.9804729434379366,
          -3.2700791056848217,
          -0.9824978546079346,
          -0.0663345037485876,
          0.17406234315105232,
          0.8495178822398386,
          -0.08321090863358292,
          0.9923209343763032,
          -0.09151561551404372,
          -0.8566501669361852,
          0,
          0,
          0,
          1
        ],
        "fov": 50,
        "aspect": 1
      },
      {
        "camera_to_world": [
          -0.33132923882370013,
          -0.08241844070776973,
          -0.9399085786031574,
          -3.2532161509527238,
          -0.9404468131615694,
          -0.05142644091572344,
          0.33602844044662344,
          1.4478755289226213,
          -0.07603109307879125,
          0.9952700748068543,
          -0.060471076385349175,
          -0.8075917257925754,
          0,
          0,
          0,
          1
        ],
        "fov": 50,
        "aspect": 1
      },
      {
        "camera_to_world": [
          -0.4761858986641074,
          -0.05591981538227404,
          -0.8775647920017468,
          -3.201948201724354,
          -0.8771851018181636,
          -0.039691119506843245,
          0.4785090513047287,
          2.0214391822350164,
          -0.061589666842046864,
          0.9976460240385395,
          -0.03015167753840232,
          -0.7576817894615688,
          0,
          0,
          0,
          1
        ],
        "fov": 50,
        "aspect": 1
      },
      {
        "camera_to_world": [
          -0.5948900694772983,
          -0.028120080500604706,
          -0.8033150479792689,
          -3.1133744974773894,
          -0.8026344505576479,
          -0.033181594323812354,
          0.5955475804468967,
          2.5519059629618996,
          -0.04340211994036905,
          0.999053673668622,
          -0.002830744409579422,
          -0.7084054507593689,
          0,
          0,
          0,
          1
        ],
        "fov": 50,
        "aspect": 1
      },
      {
        "camera_to_world": [
          -0.6876871526991499,
          -0.0025148815184357636,
          -0.7260027929584598,
