[{"id": 0, "img_name": "input_0001.jpg", "width": 744, "height": 821, "position": [-1.4806409350745797, -0.41850108955082144, -0.4676855264760542], "rotation": [[0.9817781476757095, -0.13642106823468161, -0.13229119731925248], [0.1109091687406003, 0.9766421286049313, -0.18403616199893333], [0.15430756635927517, 0.1660103755062825, 0.9739762472404246]], "fy": 1272.7254395357556, "fx": 1088.4114761939315}, {"id": 1, "img_name": "input_0002.jpg", "width": 744, "height": 821, "position": [-1.4978255922645272, -0.44305372500959994, -0.47446683605862044], "rotation": [[0.9816309997137926, -0.13595393731294098, -0.1338547994283694], [0.11024587671649075, 0.9767955334100983, -0.18362007672663053], [0.15571264260782552, 0.16549021976899506, 0.9738411369894463]], "fy": 1272.7254395357556, "fx": 1088.4114761939315}, {"id": 2, "img_name": "input_0004.jpg", "width": 744, "height": 821, "position": [-1.504293419821322, -0.43398557402464794, -0.6310974609623906], "rotation": [[0.9806603311537633, -0.1333500451505178, -0.14325878807160883], [0.10484327866787396, 0.9760115519920354, -0.190812309079548], [0.1652670621133013, 0.17210234117075018, 0.9711166677304971]], "fy": 1272.7254395357556, "fx": 1088.4114761939315}, {"id": 3, "img_name": "input_0005.jpg", "width": 744, "height": 821, "position": [-1.474198252385089, -0.39414752312123963, -0.7355310489031374], "rotation": [[0.9803205615214091, -0.12890549114617303, -0.14951578849978597], [0.10033097679743226, 0.9776018875574496, -0.18500876881646627], [0.17001556326766656, 0.166366835025721, 0.9712964451959569]], "fy": 1272.7254395357556, "fx": 1088.4114761939315}, {"id": 4, "img_name": "input_0006.jpg", "width": 744, "height": 821, "position": [-1.0876420631245707, 0.04482807563380172, -0.010317717967554978], "rotation": [[0.9800347160648407, -0.12489326546040647, -0.15470496937830802], [0.09759934752811418, 0.9800841952378285, -0.1729431629383028], [0.17322333177084773, 0.1543911995149153, 0.9727060372191347]], "fy": 1272.7254395357556, "fx": 1088.4114761939315}, {"id": 5, "img_name": "input_0007.jpg", "width": 744, "height": 821, "position": [-0.7308675236814828, 0.32733250185244206, -0.17441001913136772], "rotation": [[0.9805455319168417, -0.12242941294681091, -0.15343239124584154], [0.09503499696335106, 0.9800316813435983, -0.1746603930918961], [0.17175217375653096, 0.1566810212129697, 0.9726007651660404]], "fy": 1272.7254395357556, "fx": 1088.4114761939315}, {"id": 6, "img_name": "input_0008.jpg", "width": 744, "height": 821, "position": [0.0064614446743395315, 0.48146857893711953, -0.28803054222648233], "rotation": [[0.9807113366707889, -0.11910680807967816, -0.1549801354834396], [0.09176022709265995, 0.980639277180382, -0.17299326222440442], [0.17258428332063747, 0.15543544100432433, 0.9726533240731217]], "fy": 1272.7254395357556, "fx": 1088.4114761939315}, {"id": 7, "img_name": "input_0017.jpg", "width": 744, "height": 821, "position": [7.769006341677233, 0.8360587552829456, 2.7815391517256085], "rotation": [[0.9585396859312414, -0.0743359101285449, -0.2750924262138054], [0.017936302315899856, 0.9791999694474085, -0.2021032134663543], [0.28439402165669686, 0.18878980984034868, 0.9399353425349934]], "fy": 1272.7254395357556, "fx": 1088.4114761939315}]